Problem size n = 5
Starting coin row:
[5, 2, 3, 1, 4]
Results at the end:
Player points: 8
Opponent points: 7
Game strategy:
[5, 2, 3, 1, 4]
[2, 3, 1, 4]
[2, 3, 1]
[3, 1]
[1]
[]

Problem size n = 5
Starting coin row:
[2, 3, 1, 5, 4]
Results at the end:
Player points: 7
Opponent points: 8
Game strategy:
[2, 3, 1, 5, 4]
[3, 1, 5, 4]
[1, 5, 4]
[5, 4]
[4]
[]

Problem size n = 5
Starting coin row:
[4, 3, 1, 5, 2]
Results at the end:
Player points: 7
Opponent points: 8
Game strategy:
[4, 3, 1, 5, 2]
[3, 1, 5, 2]
[1, 5, 2]
[5, 2]
[2]
[]

Problem size n = 5
Starting coin row:
[3, 1, 2, 5, 4]
Results at the end:
Player points: 9
Opponent points: 6
Game strategy:
[3, 1, 2, 5, 4]
[1, 2, 5, 4]
[2, 5, 4]
[5, 4]
[4]
[]

Problem size n = 5
Starting coin row:
[1, 2, 3, 4, 5]
Results at the end:
Player points: 9
Opponent points: 6
Game strategy:
[1, 2, 3, 4, 5]
[1, 2, 3, 4]
[1, 2, 3]
[1, 2]
[1]
[]

Problem size n = 10
Starting coin row:
[2, 3, 1, 5, 4, 7, 9, 8, 6, 10]
Results at the end:
Player points: 33
Opponent points: 22
Game strategy:
[2, 3, 1, 5, 4, 7, 9, 8, 6, 10]
[2, 3, 1, 5, 4, 7, 9, 8, 6]
[2, 3, 1, 5, 4, 7, 9, 8]
[2, 3, 1, 5, 4, 7, 9]
[2, 3, 1, 5, 4, 7]
[2, 3, 1, 5, 4]
[3, 1, 5, 4]
[1, 5, 4]
[5, 4]
[4]
[]

Problem size n = 5
Starting coin row:
[5, 3, 2, 4, 1]
Results at the end:
Player points: 8
Opponent points: 7
Game strategy:
[5, 3, 2, 4, 1]
[3, 2, 4, 1]
[2, 4, 1]
[4, 1]
[1]
[]

Problem size n = 23
Starting coin row:
[2, 3, 1, 5, 4, 7, 9, 8, 6, 10, 11, 12, 13, 14, 15, 16, 17, 18, 19, 20, 21, 22, 23]
Results at the end:
Player points: 141
Opponent points: 135
Game strategy:
[2, 3, 1, 5, 4, 7, 9, 8, 6, 10, 11, 12, 13, 14, 15, 16, 17, 18, 19, 20, 21, 22, 23]
[2, 3, 1, 5, 4, 7, 9, 8, 6, 10, 11, 12, 13, 14, 15, 16, 17, 18, 19, 20, 21, 22]
[2, 3, 1, 5, 4, 7, 9, 8, 6, 10, 11, 12, 13, 14, 15, 16, 17, 18, 19, 20, 21]
[2, 3, 1, 5, 4, 7, 9, 8, 6, 10, 11, 12, 13, 14, 15, 16, 17, 18, 19, 20]
[2, 3, 1, 5, 4, 7, 9, 8, 6, 10, 11, 12, 13, 14, 15, 16, 17, 18, 19]
[2, 3, 1, 5, 4, 7, 9, 8, 6, 10, 11, 12, 13, 14, 15, 16, 17, 18]
[2, 3, 1, 5, 4, 7, 9, 8, 6, 10, 11, 12, 13, 14, 15, 16, 17]
[2, 3, 1, 5, 4, 7, 9, 8, 6, 10, 11, 12, 13, 14, 15, 16]
[2, 3, 1, 5, 4, 7, 9, 8, 6, 10, 11, 12, 13, 14, 15]
[2, 3, 1, 5, 4, 7, 9, 8, 6, 10, 11, 12, 13, 14]
[2, 3, 1, 5, 4, 7, 9, 8, 6, 10, 11, 12, 13]
[2, 3, 1, 5, 4, 7, 9, 8, 6, 10, 11, 12]
[2, 3, 1, 5, 4, 7, 9, 8, 6, 10, 11]
[2, 3, 1, 5, 4, 7, 9, 8, 6, 10]
[2, 3, 1, 5, 4, 7, 9, 8, 6]
[2, 3, 1, 5, 4, 7, 9, 8]
[2, 3, 1, 5, 4, 7, 9]
[2, 3, 1, 5, 4, 7]
[2, 3, 1, 5, 4]
[2, 3, 1, 5]
[2, 3, 1]
[3, 1]
[1]
[]

Problem size n = 27
Starting coin row:
[24, 25, 26, 27, 28, 29, 30, 31, 32, 33, 34, 35, 36, 37, 38, 39, 40, 41, 42, 43, 44, 45, 46, 47, 48, 49, 50]
Results at the end:
Player points: 518
Opponent points: 481
Game strategy:
[24, 25, 26, 27, 28, 29, 30, 31, 32, 33, 34, 35, 36, 37, 38, 39, 40, 41, 42, 43, 44, 45, 46, 47, 48, 49, 50]
[24, 25, 26, 27, 28, 29, 30, 31, 32, 33, 34, 35, 36, 37, 38, 39, 40, 41, 42, 43, 44, 45, 46, 47, 48, 49]
[24, 25, 26, 27, 28, 29, 30, 31, 32, 33, 34, 35, 36, 37, 38, 39, 40, 41, 42, 43, 44, 45, 46, 47, 48]
[24, 25, 26, 27, 28, 29, 30, 31, 32, 33, 34, 35, 36, 37, 38, 39, 40, 41, 42, 43, 44, 45, 46, 47]
[24, 25, 26, 27, 28, 29, 30, 31, 32, 33, 34, 35, 36, 37, 38, 39, 40, 41, 42, 43, 44, 45, 46]
[24, 25, 26, 27, 28, 29, 30, 31, 32, 33, 34, 35, 36, 37, 38, 39, 40, 41, 42, 43, 44, 45]
[24, 25, 26, 27, 28, 29, 30, 31, 32, 33, 34, 35, 36, 37, 38, 39, 40, 41, 42, 43, 44]
[24, 25, 26, 27, 28, 29, 30, 31, 32, 33, 34, 35, 36, 37, 38, 39, 40, 41, 42, 43]
[24, 25, 26, 27, 28, 29, 30, 31, 32, 33, 34, 35, 36, 37, 38, 39, 40, 41, 42]
[24, 25, 26, 27, 28, 29, 30, 31, 32, 33, 34, 35, 36, 37, 38, 39, 40, 41]
[24, 25, 26, 27, 28, 29, 30, 31, 32, 33, 34, 35, 36, 37, 38, 39, 40]
[24, 25, 26, 27, 28, 29, 30, 31, 32, 33, 34, 35, 36, 37, 38, 39]
[24, 25, 26, 27, 28, 29, 30, 31, 32, 33, 34, 35, 36, 37, 38]
[24, 25, 26, 27, 28, 29, 30, 31, 32, 33, 34, 35, 36, 37]
[24, 25, 26, 27, 28, 29, 30, 31, 32, 33, 34, 35, 36]
[24, 25, 26, 27, 28, 29, 30, 31, 32, 33, 34, 35]
[24, 25, 26, 27, 28, 29, 30, 31, 32, 33, 34]
[24, 25, 26, 27, 28, 29, 30, 31, 32, 33]
[24, 25, 26, 27, 28, 29, 30, 31, 32]
[24, 25, 26, 27, 28, 29, 30, 31]
[24, 25, 26, 27, 28, 29, 30]
[24, 25, 26, 27, 28, 29]
[24, 25, 26, 27, 28]
[24, 25, 26, 27]
[24, 25, 26]
[24, 25]
[24]
[]

